1111111111111111111111111111
1000000000000110000000000001
1011110111110110111110111101
1011110111110110111110111101
1011110111110110111110111101
1000000000000000000000000001
1011110110111111110110111101
1011110110111111110110111101
1000000110000110000110000001
1111110111110110111110111111
1111110111110110111110111111
1111110110000000000110111111
1111110110111VV1110110111111
1111110110128888510110111111
1111110000188888810000111111
1111110110138888410110111111
1111110110111111110110111111
1111110110000000000110111111
1111110110111111110110111111
1111110110111111110110111111
1000000000000110000000000001
1011110111110110111110111101
1011110111110110111110111101
1000110000000P00000000110001
1110110110111111110110110111
1110110110111111110110110111
1000000110000110000110000001
1011111111110110111111111101
1011111111110110111111111101
1000000000000000000000000001
1111111111111111111111111111